[gd_scene load_steps=13 format=3 uid="uid://huoiyu7ybrjy"]

[ext_resource type="Texture2D" uid="uid://dm1s22oe34dkb" path="res://Textures/checker_black_512x512.png" id="1_3vyfg"]
[ext_resource type="Texture2D" uid="uid://djr237n7ea7fk" path="res://Textures/logo_magenta_512x512.png" id="2_vwstm"]
[ext_resource type="Texture2D" uid="uid://c416vmvc7fuf3" path="res://Textures/logo_lime_512x512.png" id="3_3mx8p"]
[ext_resource type="Texture2D" uid="uid://b63j0k6lkw2qg" path="res://Textures/logo_red_512x512.png" id="4_ki1yb"]
[ext_resource type="PackedScene" uid="uid://d054kitwx3mi5" path="res://scenes/player.tscn" id="5_fgmdl"]

[sub_resource type="ProceduralSkyMaterial" id="ProceduralSkyMaterial_fvuus"]
sky_horizon_color = Color(0.64625, 0.65575, 0.67075, 1)
ground_horizon_color = Color(0.64625, 0.65575, 0.67075, 1)

[sub_resource type="Sky" id="Sky_snmau"]
sky_material = SubResource("ProceduralSkyMaterial_fvuus")

[sub_resource type="Environment" id="Environment_ms3df"]
background_mode = 2
sky = SubResource("Sky_snmau")
tonemap_mode = 2
sdfgi_enabled = true
glow_enabled = true
fog_enabled = true
fog_light_color = Color(1, 1, 0.894118, 1)
fog_density = 0.001

[sub_resource type="StandardMaterial3D" id="StandardMaterial3D_vlrui"]
albedo_texture = ExtResource("1_3vyfg")
uv1_triplanar = true

[sub_resource type="StandardMaterial3D" id="StandardMaterial3D_7irc8"]
albedo_texture = ExtResource("2_vwstm")

[sub_resource type="StandardMaterial3D" id="StandardMaterial3D_6rtji"]
albedo_texture = ExtResource("3_3mx8p")

[sub_resource type="StandardMaterial3D" id="StandardMaterial3D_uorg1"]
albedo_texture = ExtResource("4_ki1yb")

[node name="world" type="Node3D"]

[node name="DirectionalLight3D" type="DirectionalLight3D" parent="."]
transform = Transform3D(-0.866025, -0.433013, 0.25, 0, 0.5, 0.866025, -0.5, 0.75, -0.433013, 0, 0, 0)
shadow_enabled = true

[node name="WorldEnvironment" type="WorldEnvironment" parent="."]
environment = SubResource("Environment_ms3df")

[node name="map" type="Node3D" parent="."]

[node name="floor" type="CSGBox3D" parent="map"]
transform = Transform3D(1, 0, 0, 0, 1, 0, 0, 0, 1, 0, -0.25, 0)
material_override = SubResource("StandardMaterial3D_vlrui")
use_collision = true
size = Vector3(1000, 0.5, 1000)

[node name="CSGBox3D" type="CSGBox3D" parent="map"]
transform = Transform3D(0.312119, 0, -0.950043, 0, 1, 0, 0.950043, 0, 0.312119, -1.97568, 0.5, 0)
material_override = SubResource("StandardMaterial3D_7irc8")
use_collision = true

[node name="CSGBox3D2" type="CSGBox3D" parent="map"]
transform = Transform3D(-0.761798, 0, -0.647814, 0, 1, 0, 0.647814, 0, -0.761798, 1.97979, 0.9, -4.30669)
material_override = SubResource("StandardMaterial3D_6rtji")
use_collision = true
size = Vector3(2, 2, 2)

[node name="CSGBox3D3" type="CSGBox3D" parent="map"]
transform = Transform3D(-0.989093, 0, 0.147292, 0, 1, 0, -0.147292, 0, -0.989093, -2.49721, 0.5, -4.30669)
material_override = SubResource("StandardMaterial3D_uorg1")
use_collision = true

[node name="Player" parent="." instance=ExtResource("5_fgmdl")]
sens_horizontal = 0.2
sens_vertical = 0.2
